		Rotation #1(2; 3) at angle 0.484441:
        1         0         0
        0  0.884936 -0.465713
        0  0.465713  0.884936
		New matrix:
      4.86521       3.31198      -19.8292
      3.31198       14.8171 -1.77636e-015
     -19.8292             0       121.232

		Rotation #2(1; 3) at angle 0.16423:
 0.986545         0 -0.163493
        0         1         0
 0.163493         0  0.986545
		New matrix:
     1.57906      3.26742 1.22125e-015
     3.26742      14.8171    -0.541485
           0    -0.541485      124.518

		Rotation #3(1; 2) at angle -0.229273:
0.973832  0.22727        0
-0.22727 0.973832        0
       0        0        1
		New matrix:
     0.816523 -1.38778e-016      0.123063
-8.88178e-016       15.5797     -0.527315
     0.123063     -0.527315       124.518

		Rotation #4(2; 3) at angle 0.00484032:
         1          0          0
         0   0.999988 -0.0048403
         0  0.0048403   0.999988
		New matrix:
     0.816523   0.000595663      0.123062
  0.000595663       15.5771 -2.77556e-017
     0.123062  1.44329e-015       124.521

		Rotation #5(1; 3) at angle -0.000994803:
           1            0  0.000994803
           0            1            0
-0.000994803            0            1
		New matrix:
       0.8164   0.000595663 -1.95156e-018
  0.000595663       15.5771  5.92567e-007
-1.60982e-015  5.92567e-007       124.521

		Rotation #6(1; 2) at angle -4.03546e-005:
            1  4.03546e-005             0
-4.03546e-005             1             0
            0             0             1
		New matrix:
       0.8164  1.35525e-020 -2.39128e-011
 -7.5558e-016       15.5771  5.92567e-007
-2.39144e-011  5.92567e-007       124.521

		Solved after 6 iterations.
		Eigenvalues:
0.8164
15.5771
124.521
