a_1_1=1
a_1_2=0.5
a_1_3=0.333333
a_1_4=0.25
a_1_5=0.2
a_1_6=0.166667
a_1_7=0.142857
a_1_8=0.125
a_1_9=0.111111
a_1_10=0.1

a_2_1=0.5
a_2_2=0.333333
a_2_3=0.25
a_2_4=0.2
a_2_5=0.166667
a_2_6=0.142857
a_2_7=0.125
a_2_8=0.111111
a_2_9=0.1
a_2_10=0.0909091

a_3_1=0.333333
a_3_2=0.25
a_3_3=0.2
a_3_4=0.166667
a_3_5=0.142857
a_3_6=0.125
a_3_7=0.111111
a_3_8=0.1
a_3_9=0.0909091
a_3_10=0.0833333

a_4_1=0.25
a_4_2=0.2
a_4_3=0.166667
a_4_4=0.142857
a_4_5=0.125
a_4_6=0.111111
a_4_7=0.1
a_4_8=0.0909091
a_4_9=0.0833333
a_4_10=0.0769231

a_5_1=0.2
a_5_2=0.166667
a_5_3=0.142857
a_5_4=0.125
a_5_5=0.111111
a_5_6=0.1
a_5_7=0.0909091
a_5_8=0.0833333
a_5_9=0.0769231
a_5_10=0.0714286

a_6_1=0.166667
a_6_2=0.142857
a_6_3=0.125
a_6_4=0.111111
a_6_5=0.1
a_6_6=0.0909091
a_6_7=0.0833333
a_6_8=0.0769231
a_6_9=0.0714286
a_6_10=0.0666667

a_7_1=0.142857
a_7_2=0.125
a_7_3=0.111111
a_7_4=0.1
a_7_5=0.0909091
a_7_6=0.0833333
a_7_7=0.0769231
a_7_8=0.0714286
a_7_9=0.0666667
a_7_10=0.0625

a_8_1=0.125
a_8_2=0.111111
a_8_3=0.1
a_8_4=0.0909091
a_8_5=0.0833333
a_8_6=0.0769231
a_8_7=0.0714286
a_8_8=0.0666667
a_8_9=0.0625
a_8_10=0.0588235

a_9_1=0.111111
a_9_2=0.1
a_9_3=0.0909091
a_9_4=0.0833333
a_9_5=0.0769231
a_9_6=0.0714286
a_9_7=0.0666667
a_9_8=0.0625
a_9_9=0.0588235
a_9_10=0.0555556

a_10_1=0.1
a_10_2=0.0909091
a_10_3=0.0833333
a_10_4=0.0769231
a_10_5=0.0714286
a_10_6=0.0666667
a_10_7=0.0625
a_10_8=0.0588235
a_10_9=0.0555556
a_10_10=0.0526316

